# id	left	top	right	bottom	texture_id
[SPRITES]
############ SMALL ################
 #IDLE
12121	217	89	228	106	0
12111	177	89	188	106	0

#WALK RIGHT
12222	256	89	270	106	0

#WALK LEFT
12212	135	89	150	106	0

#RUN RIGHT
12321	215	169	230	184	0
12322	255	169	270	184	0
12323	255	129	350	144	0

#RUN LEFT
12311	175	169	190	184	0
12312	135	169	150	184	0
12313	135	129	150	144	0

#BRACE RIGHT & LEFT
12511	215	129	230	144	0
12521	175	129	190	144	0

#JUMP WALK RIGHT & LEFT 
12413	335	89	350	106	0
12417	55	89	70	106	0

#JUMP RUN RIGHT & LEFT 
12423	215	209	230	224	0
12427	175	209	190	224	0

#####  BIG ###############
#IDLE
11121	216	243	229	270	0
11111	176	243	189	270	0

#WALKING RIGHT
11222	255	243	270	270	0
11223	295	243	310	270	0

#WALKING LEFT
11212	135	243	150	270	0
11213	95	243	110	270	0

#RUNNING RIGHT
11321	213	323	232	350	0
11322	253	323	272	350	0
11323	293	323	312	350	0

#RUNNING LEFT
11311	174	323	193	350	0
11312	134	323	153	350	0
11313	94	323	113	350	0

#JUMP WALK RIGHT
11417	334	243	351	270	0
11413	54	243	71	270	0

#JUMP RUN RIGHT & LEFT
11427	333	364	352	391	0
11423	54	364	73	391	0

#SIT RIGHT & LEFT 
11521	376	248	389	266	0
11511	16	248	29	266	0

#BRACE RIGHT & LEFT 
11621	215	283	230	312	0
11611	175	283	190	312	0

#DIE
13001	15	209	30	224	0

#####  FIRE ###############
#IDLE
21121	216	683	229	710	0
21111	186	683	199	710	0

#WALKING RIGHT
21222	255	683	270	710	0
21223	295	683	310	710	0

#WALKING LEFT
21212	135	683	150	710	0
21213	95	683	110	710	0

#RUNNING RIGHT
21321	213	763	232	790	0
21322	253	763	272	790	0
21323	293	763	312	790	0

#RUNNING LEFT
21311	174	763	193	790	0
21312	134	763	153	790	0
21313	94	763	113	790	0

#JUMP WALK RIGHT
21417	334	683	351	710	0
21413	54	683	71	710	0

#JUMP RUN RIGHT & LEFT
21427	333	804	352	831	0
21423	54	804	73	831	0

#SIT RIGHT & LEFT 
21521	376	688	389	705	0
21511	16	688	29	705	0

#BRACE RIGHT & LEFT 
21621	215	723	230	752	0
21611	175	723	190	752	0

#####  RACOON ###############
#IDLE
31121	212	443	233	472	0
31111	172	443	193	472	0

#WALKING RIGHT
31222	262	443	283	472	0
31223	291	443	314	472	0

#WALKING LEFT
31212	122	443	143	472	0
31213	92	443	115	472	0

#RUNNING RIGHT
31321	209	523	234	552	0
31322	249	523	274	552	0
31323	289	523	314	552	0

#RUNNING LEFT
31311	169	523	194	552	0
31312	129	523	154	552	0
31313	89	523	114	552	0

#JUMP WALK RIGHT
31417	330	443	353	472	0
31413	52	443	75	472	0

#JUMP RUN RIGHT & LEFT
31427	291	603	314	634	0
31423	51	603	83	634	0

#SIT RIGHT & LEFT 
31521	372	448	393	465	0
31511	12	448	33	465	0

#BRACE RIGHT & LEFT 
31621	215	482	230	517	0
31611	175	482	190	517	0

#ATTACK
31711	236	443	259	472	0
31712	147	443	170	472	0
31713	355	483	370	512	0
31714	390	483	405	512	0

#RUN FAST RIGHT
31721	211	603	234	632	0
31722	252	603	274	632	0

#RUN FAST LEFT
31731	172	603	195	632	0
31732	132	603	155	632	0

#FLYING RIGHT
31811	291	603	314	634	0
31821	331	603	354	634	0
31831	371	603	314	674	0

#FLYING LEFT
31812	91	603	114	634	0
31822	51	603	74	634	0
31832	11	603	34	674	0

# ani_id	sprite1_id	time1	sprite2_id	time2	...
[ANIMATIONS]
#IDLE
400	11121	100
401	11111	100

#WALKING RIGHT & LEFT 
500	11121	100	11222	100	11223	100
501	11111	100	11212	100	11213	100

#RUNNING RIGHT & LEFT
600	11321	30	11322	50	11323	50
601	11311	30	11312	50	11313	50

#JUMP WALK
700	11417	100
701	11413	100

#JUMP RUN
800	11427	100
801	11423	100

#SIT RIGHT & LEFT 
900	11521	100
901	11511	100

#BRACE RIGHT & LEFT 
1000	11621	100
1001	11611	100

#DIE
999	13001	100

################### RACOON ###################
#IDLE
3400	31121	100
3401	31111	100

#WALKING RIGHT & LEFT 
3500	31121	100	31222	100	31223	100
3501	31111	100	31212	100	31213	100

#RUNNING RIGHT & LEFT
3600	31321	40	31322	40	31323	40
3601	31311	40	31312	40	31313	40

#JUMP WALK
3700	31417	100
3701	31413	100

#JUMP RUN
3800	31427	100
3801	31423	100

#SIT RIGHT & LEFT 
3900	31521	100
3901	31511	100

#BRACE RIGHT & LEFT 
3100	31621	100
3101	31611	100

#ATTACK FROM LEFT
3200	31713	100	31712	100	31714	100	31711	400

#ATTACK FROM RIGHT
3201	31714	100	31711	100	31713	100	31712	400


###################FIRE###################
2400	21121	100
2401	21111	100

#WALKING RIGHT & LEFT 
2500	21121	100	21222	100	21223	100
2501	21111	100	21212	100	21213	100

#RUNNING RIGHT & LEFT
2600	21321	50	21322	50	21323	50
2601	21311	50	21312	50	21313	50

#JUMP WALK
2700	21417	100
2701	21413	100

#JUMP RUN
2800	21427	100
2801	21423	100

#SIT RIGHT & LEFT 
2900	21521	100
2901	21511	100

#BRACE RIGHT & LEFT 
2100	21621	100
2101	21611	100

################### SMALL #################
1100	12121	100
1102	12111	100


#WALK LEFT & RIGHT 
1200	12121	100	12222	100
1201	12111	100	12212	100

#RUN LEFT & RIGHT
1300	12321	100	12322	100	12323	100
1301	12311	100	12312	100	12313	100

#BRACE LEFT & RIGHT
1401	12511	100
1400	12521	100

#JUMP WALK
1500	12417	100
1501	12413	100

#JUMP RUN 
1601	12423	100
1600	12427	100