# list of object assets to load in this scene
[ASSETS]
mario.txt
coin.txt
cloud.txt
brick.txt
[OBJECTS]
# type	x	y	extra_settings per object type
# type: 0 = Mario , 1 = Brick, 2 = Goomba, 3 = Koopas. 4: coin
# 6 = question brick, 7 = PIPE, 8 = piranhaplant, 9 = firePiranhaPlant
# See OBJECT_TYPE constants in AssetIDs.h
#
# MARIO
0	76	350
#0	120	10
#COIN
4	1073	288
4	1105	256
4	1137	224
4	1169	192
4	1201	160

4	1329	48
4	1345	48	
4	1361	48

4	1473	80
4	1489	80

4	1537	96
4	1553	96
4	1569	96
4	1585	96

4	1617	80
4	1633	80
4	1649	80
4	1665	80

4	1697	112
4	1729	80
4	1761	96
4	1809	64
4	1841	96
###PLATFORM###
5	0	416	16	16	68	22110	22110	22110
5	624	401	16	16	29	22110	22110	22110
5	1153	417	16	16	22	22110	22110	22110
5	1536	416	16	16	5	22110	22110	22110
5	1664	417	16	16	36	22110	22110	22110
5	2256	417	16	16	35	22110	22110	22110

5	2264	386	32	40	1	22110	22110	22110
5	2264	208	32	208	1	22110	22110	22110

5	1568	400	16	16	3	22110	22110	22110
5	1584	384	16	16	2	22110	22110	22110
5	1600	368	16	16	1	22110	22110	22110

5	1664	400	16	16	3	22110	22110	22110
5	1664	384	16	16	2	22110	22110	22110
5	1664	368	16	16	1	22110	22110	22110
5	1504	336	16	16	2	22110	22110	22110

5	2329	384	32	16	1	22110	22110	22110

[TILEMAP]
Resources\Tilemap\world1-1.txt